[gd_scene load_steps=12 format=1]

[ext_resource path="res://scripts/Start_Game.gd" type="Script" id=1]
[ext_resource path="res://instance/Menu Model.tscn" type="PackedScene" id=2]
[ext_resource path="res://instance/Menu Model.gd" type="Script" id=3]
[ext_resource path="res://instance/Ships/PlayerShip.tscn" type="PackedScene" id=4]
[ext_resource path="res://instance/Ships/Ship1.tscn" type="PackedScene" id=5]
[ext_resource path="res://instance/Ships/Ship2.tscn" type="PackedScene" id=6]
[ext_resource path="res://instance/Ships/Ship4.tscn" type="PackedScene" id=7]
[ext_resource path="res://Scenes/Menu_enviro.tres" type="Environment" id=8]

[sub_resource type="CanvasItemShader" id=1]

_code = {
"fragment": "",
"fragment_ofs": 0,
"light": "",
"light_ofs": 0,
"vertex": "",
"vertex_ofs": 0
}

[sub_resource type="CanvasItemMaterial" id=2]

shader/shader = SubResource( 1 )
shader/shading_mode = 0

[sub_resource type="Theme" id=3]


[node name="Node" type="Node"]

[node name="Panel" type="Panel" parent="."]

material/material = SubResource( 2 )
focus/ignore_mouse = false
focus/stop_mouse = true
size_flags/horizontal = 2
size_flags/vertical = 2
theme/theme = SubResource( 3 )
margin/left = 113.0
margin/top = 97.0
margin/right = 340.0
margin/bottom = 216.0

[node name="Start Game" type="Button" parent="Panel"]

focus/ignore_mouse = false
focus/stop_mouse = true
size_flags/horizontal = 2
size_flags/vertical = 2
margin/left = 71.0
margin/top = 76.0
margin/right = 171.0
margin/bottom = 96.0
toggle_mode = false
enabled_focus_mode = 2
shortcut = null
text = "Start"
flat = false
script/script = ExtResource( 1 )

[node name="Title" type="Label" parent="Panel"]

focus/ignore_mouse = true
focus/stop_mouse = true
size_flags/horizontal = 2
size_flags/vertical = 0
margin/left = 40.0
margin/top = 30.0
margin/right = 186.0
margin/bottom = 51.0
text = "BRICKS BLASTER"
align = 1
percent_visible = 1.0
lines_skipped = 0
max_lines_visible = -1

[node name="Menu Model" parent="Panel" instance=ExtResource( 2 )]

script/script = ExtResource( 3 )

[node name="Player" parent="Panel/Menu Model" instance=ExtResource( 4 )]

transform/local = Transform( 1.14886, 0, -0.804441, 0, 1.4025, 0, 0.804441, 0, 1.14886, -3, 0, -2 )

[node name="Model 2" parent="Panel/Menu Model" instance=ExtResource( 5 )]

transform/local = Transform( 0.819152, 0, -0.573576, 0, 1, 0, 0.573576, 0, 0.819152, 7, -3, -20 )
hide = true
rotate = false
rotation_speed = 15.0

[node name="Model" parent="Panel/Menu Model" instance=ExtResource( 6 )]

transform/local = Transform( 0.866025, 0, -0.5, 0, 1, 0, 0.5, 0, 0.866025, -14, -3, -43 )
hide = true
rotate = false
rotation_speed = 15.0

[node name="Model 3" parent="Panel/Menu Model" instance=ExtResource( 7 )]

transform/local = Transform( 0.819152, 0, -0.573576, 0, 1, 0, 0.573576, 0, 0.819152, 9, 2, -42 )

[node name="DirectionalLight" type="DirectionalLight" parent="."]

_import_transform = Transform( 1, 0, 0, 0, 1, 0, 0, 0, 1, 0, 0, 0 )
transform/local = Transform( 1, 0, 0, 0, 0.5, 0.866025, 0, -0.866025, 0.5, 0, 17, 15 )
layers = 1
params/enabled = true
params/editor_only = false
params/bake_mode = 0
params/energy = 2.0
colors/diffuse = Color( 1, 1, 1, 1 )
colors/specular = Color( 1, 1, 1, 1 )
shadow/shadow = false
shadow/darkening = 0.0
shadow/z_offset = 0.05
shadow/z_slope_scale = 0.0
shadow/esm_multiplier = 60.0
shadow/blur_passes = 1.0
projector = null
operator = 0
shadow/mode = 0
shadow/max_distance = 0.0
shadow/split_weight = 0.5
shadow/zoffset_scale = 2.0

[node name="Camera" type="Camera" parent="."]

_import_transform = Transform( 1, 0, 0, 0, 1, 0, 0, 0, 1, 0, 0, 0 )
transform/local = Transform( 1, 0, 0, 0, 0.766044, 0.642788, 0, -0.642788, 0.766044, 0, 27, 18 )
projection = 0
fov = 43.5938
near = 0.1
far = 10000.0
keep_aspect = 1
current = true
visible_layers = 1048575
environment = ExtResource( 8 )
h_offset = 0.0
v_offset = 0.0


