[gd_scene load_steps=4 format=1]

[ext_resource path="res://instance/Player.tscn" type="PackedScene" id=1]
[ext_resource path="res://instance/25D Model.tscn" type="PackedScene" id=2]

[sub_resource type="Environment" id=1]

ambient_light/enabled = true
ambient_light/color = Color( 0.445313, 0.445313, 0.445313, 1 )
ambient_light/energy = 1.0
fxaa/enabled = false
background/mode = 1
background/color = Color( 0, 0, 0, 1 )
background/energy = 1.0
background/scale = 1.0
background/glow = 0.0
background/canvas_max_layer = null
glow/enabled = false
glow/blur_passes = 1
glow/blur_scale = 1
glow/blur_strength = 1
glow/blur_blend_mode = null
glow/bloom = 0.0
glow/bloom_treshold = 0.5
dof_blur/enabled = false
dof_blur/blur_passes = 1
dof_blur/begin = 100.0
dof_blur/range = 10.0
hdr/enabled = false
hdr/tonemapper = 0
hdr/exposure = 0.4
hdr/white = 1.0
hdr/glow_treshold = 0.95
hdr/glow_scale = 0.2
hdr/min_luminance = 0.4
hdr/max_luminance = 8.0
hdr/exposure_adj_speed = 0.5
fog/enabled = false
fog/begin = 100.0
fog/begin_color = Color( 0, 0, 0, 1 )
fog/end_color = Color( 0, 0, 0, 1 )
fog/attenuation = 1.0
fog/bg = true
bcs/enabled = false
bcs/brightness = 1.0
bcs/contrast = 1.0
bcs/saturation = 1.0
srgb/enabled = false

[node name="World" type="Node"]

[node name="Camera" type="Camera" parent="."]

_import_transform = Transform( 1, 0, 0, 0, 1, 0, 0, 0, 1, 0, 0, 0 )
transform/local = Transform( 1, 0, 0, 0, -4.37114e-08, 1, 0, -1, -4.37114e-08, 0, 6.72654, 0 )
projection = 1
size = 16.8165
near = 0.1
far = 100.0
keep_aspect = 1
current = false
visible_layers = 1048575
environment = null
h_offset = 0.0
v_offset = 0.0

[node name="WorldEnvironment" type="WorldEnvironment" parent="."]

_import_transform = Transform( 1, 0, 0, 0, 1, 0, 0, 0, 1, 0, 0, 0 )
transform/local = Transform( 0.857388, -0.167459, 0.486666, 0.182239, 0.983104, 0.0172188, -0.481326, 0.0739265, 0.873419, 0, 0, 0 )
environment = SubResource( 1 )

[node name="DirectionalLight" type="DirectionalLight" parent="."]

_import_transform = Transform( 1, 0, 0, 0, 1, 0, 0, 0, 1, 0, 0, 0 )
transform/local = Transform( 0.581883, 0, -0.813272, 0.373524, 0.888288, 0.267251, 0.72242, -0.459286, 0.51688, 0, 10.0452, 0 )
layers = 1
params/enabled = true
params/editor_only = false
params/bake_mode = 0
params/energy = 1.0
colors/diffuse = Color( 1, 1, 1, 1 )
colors/specular = Color( 1, 1, 1, 1 )
shadow/shadow = false
shadow/darkening = 0.0
shadow/z_offset = 0.05
shadow/z_slope_scale = 0.0
shadow/esm_multiplier = 60.0
shadow/blur_passes = 1.0
projector = null
operator = 0
shadow/mode = 0
shadow/max_distance = 0.0
shadow/split_weight = 0.5
shadow/zoffset_scale = 2.0

[node name="DirectionalLight2" type="DirectionalLight" parent="."]

_import_transform = Transform( 1, 0, 0, 0, 1, 0, 0, 0, 1, 0, 0, 0 )
transform/local = Transform( 0.857388, -0.167459, 0.486666, 0.182239, 0.983104, 0.0172188, -0.481326, 0.0739265, 0.873419, 0, 15.6498, 0 )
layers = 1
params/enabled = true
params/editor_only = false
params/bake_mode = 0
params/energy = 1.0
colors/diffuse = Color( 1, 1, 1, 1 )
colors/specular = Color( 1, 1, 1, 1 )
shadow/shadow = false
shadow/darkening = 0.0
shadow/z_offset = 0.05
shadow/z_slope_scale = 0.0
shadow/esm_multiplier = 60.0
shadow/blur_passes = 1.0
projector = null
operator = 0
shadow/mode = 0
shadow/max_distance = 0.0
shadow/split_weight = 0.5
shadow/zoffset_scale = 2.0

[node name="Player" parent="." instance=ExtResource( 1 )]

[node name="Sprite" parent="Player"]

visibility/visible = false

[node name="25D Model" parent="Player" instance=ExtResource( 2 )]


[editable path="Player"]
[editable path="Player/25D Model"]
